age <- c(10, 12, 25, 50, 55, 80)
systolic <- c(120, 118, 122, 160, 149, 140)
